cell_num: 100 
t: 0.02521886588804834 
p: 1 1 1 1 1 1 1 1 1 1 1 1 1 1 1 1 1 1 1 1 1 1 1 1 1 1 1 1 1 1 0.999999999999998 0.999999999999942 0.9999999999986899 0.9999999999759495 0.9999999996351432 0.9999999953689283 0.9999999503914787 0.9999995489158766 0.9999965063797459 0.9999769214165523 0.9998700330649357 0.9993774787278844 0.9974732929656728 0.9913462279015144 0.9750572299560918 0.939392331345136 0.874803541455215 0.7768913993979104 0.6508573689965722 0.5125540939049796 0.38811642502156435 0.31601378641579014 0.2962018069673389 0.2758959055669185 0.24316302507455617 0.20037854505192687 0.16094762960315082 0.13733101696954356 0.12820196913133736 0.1256823779847852 0.12512451125349153 0.12501966323576433 0.12500268578798668 0.12500031598737507 0.12500003183634878 0.12500000272602882 0.1250000001963995 0.12500000001174685 0.12500000000057257 0.12500000000002212 0.12500000000000064 0.12500000000000003 0.125 0.125 0.125 0.125 0.125 0.125 0.125 0.125 0.125 0.125 0.125 0.125 0.125 0.125 0.125 0.125 0.125 0.125 0.125 0.125 0.125 0.125 0.125 0.125 0.125 0.125 0.125 0.125 
rho: 1 1 1 1 1 1 1 1 1 1 1 1 1 1 1 1 1 1 1 1 1 1 1 1 1 1 1 1 1 1 0.9999999999999987 0.9999999999999587 0.9999999999990642 0.999999999982821 0.9999999997393838 0.9999999966919818 0.9999999645629004 0.9999996777504345 0.9999975037859982 0.9999835042211819 0.9999070288835372 0.9995538876586283 0.9981824700732399 0.9937289826051483 0.981687376982939 0.9545779475881346 0.9034425562800501 0.8217223210098499 0.7099302086595 0.5789327702290551 0.44994861161308475 0.3488516419269043 0.282503866094063 0.22541219740494217 0.1790409482368295 0.14381631359682184 0.11974152945903105 0.10677634146975937 0.1017917182414707 0.10038671583692964 0.10007095690578746 0.10001122760744709 0.10000153447278144 0.1000001805608914 0.10000001819241815 0.1000000015577506 0.10000000011222929 0.10000000000671254 0.10000000000032723 0.10000000000001268 0.10000000000000038 0.1 0.1 0.1 0.1 0.1 0.1 0.1 0.1 0.1 0.1 0.1 0.1 0.1 0.1 0.1 0.1 0.1 0.1 0.1 0.1 0.1 0.1 0.1 0.1 0.1 0.1 0.1 0.1 0.1 
v: 0 0 0 0 0 0 0 0 0 0 0 0 0 0 0 0 0 0 0 0 0 0 0 0 0 0 0 0 0 0.00000000000000005250538761529881 0.000000000000001693025312623684 0.00000000000004901215733347802 0.0000000000011071870408535865 0.000000000020326357772391975 0.00000000030836018385221887 0.000000003913969754591376 0.00000004192685291917713 0.00000038123568392712124 0.000002952649525962692 0.00001950504668786594 0.00010984529054267506 0.0005262105537436732 0.0021370053569731034 0.0073336499525425035 0.021258902621375114 0.052357702662926636 0.11107400889767778 0.20709749813098133 0.34681856342379336 0.5302128384136584 0.7374585085145565 0.8769470227757328 0.8774546550850609 0.8144938522822639 0.6815405301977979 0.475153898679308 0.2481434937525347 0.09039280726870032 0.024030176371330796 0.0051514070096046576 0.000941021520620753 0.0001486360688631641 0.000020302590160559202 0.0000023886394647154073 0.00000024066017291125893 0.000000020606840976918544 0.000000001484641376474515 0.00000000008879802399488679 0.000000000004328766048907837 0.00000000000016745666301755616 0.000000000000004913608416959719 0.00000000000000007875808142294821 0 0 0 0 0 0 0 0 0 0 0 0 0 0 0 0 0 0 0 0 0 0 0 0 0 0 0 0 
