cell_num: 10 
t: 0.026197165896624002 
p: 1 1 1 1.0227724129993199 1.128790338706786 0.7309001834585002 0.30759491465995126 0.125 0.125 0.125 
rho: 1 1 1 0.9694971342134688 0.7308513204563969 0.33964838868395725 0.1600031566461771 0.1 0.1 0.1 
vx: 0 0 0 0.021314666279371883 0.1257203261796706 0.2594623540092822 0.17844558482061873 0 0 0 
vy: 0 0 0 -0.02399695347849585 -0.142521121809753 -0.29749044503801586 -0.2093882500046568 0 0 0 
vz: 0 0 0 0 0 0 0 0 0 0 
Bx: 0.5 0.5 0.5 0.5 0.5 0.5 0.5 0.5 0.5 0.5 
By: 1 1 1 0.9352458978871202 0.4091931724941596 -0.47026393997384613 -0.8741751304074337 -1 -1 -1 
Bz: 0 0 0 0 0 0 0 0 0 0 
