cell_num: 10 
t: 0.052394331793248004 
p: 1 0.9993770587292475 0.9990543277894793 1.0347902100890392 1.0681773077346024 0.7915501051444687 0.44773499884776546 0.22863185703902178 0.14107686366068384 0.125 
rho: 1 0.9991134792667673 0.9862504073876883 0.908882805844071 0.6752822011829395 0.381977018608824 0.21106697968210383 0.13244262563180173 0.10498448239580434 0.1 
vx: 0 0.001183745930824726 0.014586555258096209 0.07476914606698025 0.21157739654140922 0.34855497967868815 0.32736886901170414 0.18928271960055335 0.045197332240767635 0 
vy: 0 -0.0008620380268897933 -0.013419375778726317 -0.07916288230362523 -0.24032092134865954 -0.4186962196493919 -0.39831797981573347 -0.20674870764870615 -0.040258403198140995 0 
vz: 0 0 0 0 0 0 0 0 0 0 
Bx: 0.5 0.5 0.5 0.5 0.5 0.5 0.5 0.5 0.5 0.5 
By: 1 0.9984166465456052 0.9734109088854119 0.8123923398200181 0.30113911931640824 -0.36871841647466413 -0.7729317269385807 -0.9479672735060585 -0.9957415976481403 -1 
Bz: 0 0 0 0 0 0 0 0 0 0 
