cell_num: 10 
t: 0.2750702419145521 
p: 1 0.8268920826617382 0.8118630223536547 0.8182265083717517 0.8263290245641121 0.8017392035324884 0.7225879337819666 0.5995689484516886 0.43049018754544177 0.125 
rho: 1 0.8585483780147184 0.7854512302170061 0.6997611416301793 0.5977902308027311 0.4894272368053478 0.38399783596115467 0.2878277063516704 0.1980479374795348 0.1 
vx: 0 0.2279198431609427 0.3152073056708258 0.39236271858909016 0.45384988385083097 0.49246275905890535 0.5192566648853332 0.5285498246900842 0.49102851606495573 0 
vy: 0 -0.12621039532710818 -0.2459686883937105 -0.4045958220203924 -0.6064525795633302 -0.8068638283488174 -0.9565850962676062 -1.0058872204659048 -0.8342148917221682 0 
vz: 0 0 0 0 0 0 0 0 0 0 
Bx: 0.5 0.5 0.5 0.5 0.5 0.5 0.5 0.5 0.5 0.5 
By: 1 0.773785570290762 0.6118188916927125 0.40571937263644864 0.14640047826029898 -0.1271984115199676 -0.37836401686846993 -0.5984912875636319 -0.8140157958073647 -1 
Bz: 0 0 0 0 0 0 0 0 0 0 
