cell_num: 10 
t: 0.3012674078111761 
p: 1 0.8055204033390224 0.7928261186438932 0.8037537887299933 0.816481451784339 0.7978221291192782 0.7266277160361665 0.6100868530457036 0.44132867491008787 0.125 
rho: 1 0.8447557000173067 0.7732911719967566 0.6931524821388972 0.5982021477297079 0.4958734822988036 0.3934607274766984 0.2966293983077908 0.20287612753650977 0.1 
vx: 0 0.2539890628555093 0.3397825998611688 0.4089885071852083 0.461564660264354 0.4948447325707627 0.5201712832172667 0.5303879491704298 0.4944267117343386 0 
vy: 0 -0.13890506947732667 -0.26569418071569334 -0.4272257471904683 -0.6288493324959828 -0.8287441273967757 -0.9838037864349849 -1.0439173510111022 -0.8778490039719037 0 
vz: 0 0 0 0 0 0 0 0 0 0 
Bx: 0.5 0.5 0.5 0.5 0.5 0.5 0.5 0.5 0.5 0.5 
By: 1 0.752726942487102 0.5884561238813012 0.38805464414046636 0.14023265338953406 -0.11979017263675222 -0.36178391608608346 -0.5796163234815265 -0.8004267008275445 -1 
Bz: 0 0 0 0 0 0 0 0 0 0 
