cell_num: 10 
t: 0.32746457370780013 
p: 1 0.7864630423455168 0.7759682777431003 0.7915670367597832 0.8084175508168226 0.7943164670518083 0.7294691532568367 0.6182286143463822 0.4498790749085042 0.125 
rho: 1 0.8327599305249722 0.763065476890097 0.6880263792785508 0.5992448574985482 0.501894334937116 0.4019766833818915 0.30442249681060735 0.20704080071675363 0.1 
vx: 0 0.2773388389304121 0.36157243509643916 0.4230983368317315 0.4676342752605309 0.49646921014457324 0.5203577560788606 0.531088338081317 0.496150512805332 0 
vy: 0 -0.15006660629016666 -0.283531796642887 -0.44800918478222984 -0.6490653061336914 -0.848599712660923 -1.0079618013887004 -1.0768669246638445 -0.9152298764252206 0 
vz: 0 0 0 0 0 0 0 0 0 0 
Bx: 0.5 0.5 0.5 0.5 0.5 0.5 0.5 0.5 0.5 0.5 
By: 1 0.7344452727620804 0.5680556210544299 0.3723348246547322 0.1345239550578281 -0.11424326016889741 -0.34836657417530686 -0.5640121849893067 -0.7889941195675236 -1 
Bz: 0 0 0 0 0 0 0 0 0 0 
