cell_num: 10 
t: 0.35366173960442415 
p: 1 0.7696890714214444 0.7611666204311947 0.7813857422709953 0.8018391940480628 0.7912462140052936 0.7314542715007656 0.6245316539668895 0.45662542844958887 0.125 
rho: 1 0.8223939039083719 0.7544871617492717 0.6841554084692364 0.6007643244214524 0.5075654204166543 0.40969716262730366 0.31136571681914016 0.210662493746875 0.1 
vx: 0 0.29805839949215557 0.38084692034139883 0.43503507154885396 0.4723997550460745 0.49750593777092944 0.5200444578040601 0.5310372675042718 0.4967727139105464 0 
vy: 0 -0.15982592059837206 -0.29965646516615563 -0.4670914082065815 -0.6674702624698501 -0.8667069454162474 -1.0295519057209288 -1.1055853591155795 -0.9473899903722156 0 
vz: 0 0 0 0 0 0 0 0 0 0 
Bx: 0.5 0.5 0.5 0.5 0.5 0.5 0.5 0.5 0.5 0.5 
By: 1 0.7186305795968433 0.5501558847749216 0.35825873554503784 0.129080599805864 -0.11024086565682814 -0.3375955341887977 -0.551169155572204 -0.779413817475277 -1 
Bz: 0 0 0 0 0 0 0 0 0 0 
