cell_num: 10 
t: 0.37985890550104817 
p: 1 0.7550715411734803 0.7482705217717147 0.7729641579508577 0.7965042803547244 0.7886031429955149 0.7328243816469541 0.6294032129384182 0.4619439705433729 0.125 
rho: 1 0.8134741008682259 0.7473137985648288 0.6813443903522934 0.6026472198856838 0.5129382705150298 0.41674418042703 0.3175903665662633 0.2138376288547759 0.1 
vx: 0 0.31631676123701796 0.39785423473309733 0.4451023576190325 0.47613270464185053 0.4980894691329808 0.5194013293928006 0.5305051438209907 0.49667999375611743 0 
vy: 0 -0.16833977121430382 -0.31422859471004744 -0.48461182198701713 -0.6843519213395235 -0.8833045738870123 -1.048956150506243 -1.1307489779646314 -0.9751759934962351 0 
vz: 0 0 0 0 0 0 0 0 0 0 
Bx: 0.5 0.5 0.5 0.5 0.5 0.5 0.5 0.5 0.5 0.5 
By: 1 0.7049634161889191 0.5343848244958228 0.34557856664042524 0.12377976055511769 -0.10753666394659968 -0.3290377633352882 -0.5406493647701565 -0.7714112509158595 -1 
Bz: 0 0 0 0 0 0 0 0 0 0 
