cell_num: 10 
t: 0.078591497689872 
p: 1 0.9942396659375153 0.9903747425387202 1.0168176557876607 1.0132026301622707 0.813957355913548 0.5393030300082414 0.31899350340926413 0.1911947048912579 0.125 
rho: 1 0.9927977923654158 0.9606399529394007 0.857424573773668 0.6459652075803305 0.40739611572939327 0.24918840149621166 0.16184459118410097 0.1201746542303324 0.1 
vx: 0 0.009879341547949198 0.04445873812393042 0.1313795446985293 0.274936054739469 0.3982331678343835 0.40505286873393664 0.3210779838533234 0.17781933781404366 0 
vy: 0 -0.006740412689806961 -0.038394125351950796 -0.13420738845602018 -0.3155230165607167 -0.5043354714346979 -0.5304587813735098 -0.37901589656856827 -0.16170406784641533 0 
vz: 0 0 0 0 0 0 0 0 0 0 
Bx: 0.5 0.5 0.5 0.5 0.5 0.5 0.5 0.5 0.5 0.5 
By: 1 0.9874637097615228 0.9256943930926044 0.7126605723397359 0.24913387576948853 -0.3047958812374945 -0.6884176353428403 -0.8957291410249937 -0.9826392015581673 -1 
Bz: 0 0 0 0 0 0 0 0 0 0 
