cell_num: 10 
t: 0.104788663586496 
p: 1 0.9823973065047583 0.9728826618212207 0.9860308740270662 0.9685471906483765 0.8218146667630574 0.6001129992282257 0.3934634440668885 0.2450592890583706 0.125 
rho: 1 0.9799938609252316 0.930495039583689 0.8167657108609379 0.6280991261746995 0.425604295530739 0.27890043929416275 0.18782451985662765 0.1363104989327222 0.1 
vx: 0 0.02810325493618428 0.08278729159222943 0.1843049838466744 0.32225815621572007 0.4292284415964273 0.44941046055335254 0.4018522193747826 0.2910362926857298 0 
vy: 0 -0.01824933101761235 -0.06858917755430664 -0.1845866646374046 -0.3759737416306729 -0.5707559545101276 -0.6302850296789334 -0.5219219423010143 -0.2931719163071954 0 
vz: 0 0 0 0 0 0 0 0 0 0 
Bx: 0.5 0.5 0.5 0.5 0.5 0.5 0.5 0.5 0.5 0.5 
By: 1 0.9658763864835731 0.8710538498876634 0.6361223478845879 0.21891374287544166 -0.25868308921420313 -0.6183951109003388 -0.840487476344723 -0.9617820553440767 -1 
Bz: 0 0 0 0 0 0 0 0 0 0 
