cell_num: 10 
t: 0.13098582948312 
p: 1 0.9641596761348652 0.9492362616711567 0.9524265017127935 0.9326845153946004 0.8229843240378454 0.6414619456307102 0.4518874247454796 0.2928482253491329 0.125 
rho: 1 0.962336890141497 0.9004097466778567 0.7850654898787957 0.6164620682363361 0.4398762014565924 0.30302546037715067 0.2102189134220507 0.15077341611344666 0.1 
vx: 0 0.05416529744653844 0.12416523921972429 0.231273210740651 0.35822344234083486 0.4498035113741996 0.4763766604351937 0.45138585366122475 0.36794807434192284 0 
vy: 0 -0.03382705570460434 -0.10014210036345897 -0.2296062892280732 -0.4262975352307908 -0.6245752293974071 -0.7089967657613577 -0.6388371239287419 -0.4147301697974841 0 
vz: 0 0 0 0 0 0 0 0 0 0 
Bx: 0.5 0.5 0.5 0.5 0.5 0.5 0.5 0.5 0.5 0.5 
By: 1 0.9368007755069423 0.817489307382273 0.5771690074366302 0.19898151682474108 -0.22349962834319897 -0.5600566688753897 -0.7877855818303896 -0.9357293727523656 -1 
Bz: 0 0 0 0 0 0 0 0 0 0 
