cell_num: 10 
t: 0.157182995379744 
p: 1 0.9411816374166936 0.922612834395371 0.9204429127417812 0.9037458186813796 0.8208712414554726 0.6699300182482627 0.4968536733239098 0.33228477669278067 0.125 
rho: 1 0.9421420976188571 0.872602657623072 0.7602879768668769 0.6087193461407623 0.4516912037224088 0.3231177192232216 0.22940519170470403 0.1630706227893216 0.1 
vx: 0 0.08517721631088361 0.16522379236528065 0.27196048092494535 0.38598796872327085 0.46404463499308934 0.4934021745255698 0.4824046629834394 0.41726867348318714 0 
vy: 0 -0.051543084190569785 -0.13103308563710186 -0.26967555123654147 -0.4692238547255189 -0.6694002697995971 -0.7728380389989027 -0.7348183665375884 -0.5209831484465345 0 
vz: 0 0 0 0 0 0 0 0 0 0 
Bx: 0.5 0.5 0.5 0.5 0.5 0.5 0.5 0.5 0.5 0.5 
By: 1 0.9041924327478802 0.7684217546881299 0.5308404152486124 0.18459904156625112 -0.19590209951195253 -0.5115191233950434 -0.7404094024014941 -0.9084893096950903 -1 
Bz: 0 0 0 0 0 0 0 0 0 0 
