cell_num: 10 
t: 0.18338016127636803 
p: 1 0.9154958240596036 0.8954183064241408 0.891704854130311 0.8802202670429492 0.817164802828594 0.6896861401853422 0.5312480703715841 0.36386534970224294 0.125 
rho: 1 0.9213701742095131 0.847899971586747 0.7408148082070511 0.6036229487476825 0.4618279297039022 0.340158746927168 0.2458593782226626 0.1733693012772713 0.1 
vx: 0 0.11841490836700706 0.20412790324320876 0.3067979980616834 0.4076928328422467 0.4741969573862822 0.5043461419104811 0.5020828909716233 0.4485517382155406 0 
vy: 0 -0.06981945966132352 -0.16029241840464484 -0.305434089798403 -0.5064738118521926 -0.707515364050437 -0.8257438712739822 -0.8143094454057984 -0.6118313859983306 0 
vz: 0 0 0 0 0 0 0 0 0 0 
Bx: 0.5 0.5 0.5 0.5 0.5 0.5 0.5 0.5 0.5 0.5 
By: 1 0.871193478611406 0.7248613620793266 0.4935846352475714 0.17348452787612276 -0.17398375923903453 -0.47125521190934044 -0.6991753239376913 -0.882657450312448 -1 
Bz: 0 0 0 0 0 0 0 0 0 0 
