cell_num: 10 
t: 0.20957732717299205 
p: 1 0.8889440935399404 0.8691503863079442 0.8665815600114685 0.8609613644262386 0.8127808939727305 0.7034794776129981 0.5575464045441741 0.3888489889584067 0.125 
rho: 1 0.901346967409107 0.8264323205260377 0.7254473172877459 0.6004168880435844 0.4707463424821403 0.3548239173444489 0.26002857878685703 0.18198354842998568 0.1 
vx: 0 0.15179071329198493 0.24000958472475775 0.336454542720364 0.4248223685648025 0.4815726089832255 0.5113781140850208 0.5145636865545106 0.4683478553800696 0 
vy: 0 -0.08757609105249581 -0.18749994156273864 -0.3374901610365942 -0.5392200433988273 -0.7404758948222142 -0.8703611047792944 -0.8807841420786945 -0.6889111383681412 0 
vz: 0 0 0 0 0 0 0 0 0 0 
Bx: 0.5 0.5 0.5 0.5 0.5 0.5 0.5 0.5 0.5 0.5 
By: 1 0.8398053038045473 0.6867407648915375 0.4629690347210365 0.16439824071573478 -0.1565176591147099 -0.4379642759928541 -0.6639565256119546 -0.8594218362907483 -1 
Bz: 0 0 0 0 0 0 0 0 0 0 
