cell_num: 10 
t: 0.23577449306961606 
p: 1 0.8629357326848397 0.8446251859326639 0.8449279342395302 0.8451069983100575 0.8082388031863154 0.7131575587789843 0.5777022779315258 0.40853041798572887 0.125 
rho: 1 0.8828279650527969 0.8080183686491029 0.7133059730984364 0.5986060657728648 0.4787416728863611 0.3676013302528224 0.27229833948467974 0.1892198318973512 0.1 
vx: 0 0.18389397813023337 0.2725629466461892 0.36162588254025396 0.43842924881438783 0.4869757573727403 0.5157994705311961 0.5223545343392302 0.48078407012378216 0 
vy: 0 -0.10416602656070961 -0.2125164115792143 -0.3663598439556213 -0.5683113603215411 -0.7693862299497475 -0.9085445145383082 -0.936888769654887 -0.7542265508384405 0 
vz: 0 0 0 0 0 0 0 0 0 0 
Bx: 0.5 0.5 0.5 0.5 0.5 0.5 0.5 0.5 0.5 0.5 
By: 1 0.8110830908723159 0.6535780133429294 0.4373241112024716 0.1566078485101264 -0.1426426048713456 -0.41053581852780835 -0.6342286661199128 -0.8391317615462572 -1 
Bz: 0 0 0 0 0 0 0 0 0 0 
