cell_num: 10 
t: 0.2619716589662401 
p: 1 0.83841331001863 0.8222230595988388 0.8264174174625245 0.832006340870715 0.8038347579331059 0.7199739189283859 0.5932034239183928 0.4240243640286918 0.125 
rho: 1 0.8661575744772693 0.7923554653364646 0.7037384801755254 0.5978504690274867 0.48601498330757115 0.3788542167704803 0.2829896810640668 0.19533909635590077 0.1 
vx: 0 0.21387455190834306 0.30179183137889715 0.38295654814825214 0.4492772388083386 0.49092237143223516 0.5184329694111236 0.527037155597915 0.4884470108004792 0 
vy: 0 -0.11926263658081845 -0.23534798855766548 -0.3924670874813776 -0.5943870114320438 -0.7950528577542346 -0.9416325134043996 -0.9846419800728978 -0.8096706039518418 0 
vz: 0 0 0 0 0 0 0 0 0 0 
Bx: 0.5 0.5 0.5 0.5 0.5 0.5 0.5 0.5 0.5 0.5 
By: 1 0.7854376794835848 0.6247737414794695 0.4154834182724964 0.14965709995318335 -0.13171625536637266 -0.3880271928540075 -0.609334722553389 -0.8217185402690343 -1 
Bz: 0 0 0 0 0 0 0 0 0 0 
